30
A1 80 90 500 52 3
B1 75 82 650 89 1
C1 43 77 990 90 2
D1 89 44 910 64 1
E1 67 90 440 88 3
F1 88 13 300 23 1
G1 56 78 229 11 3
H1 45 99 910 88 2
I1 87 65 580 23 1
J1 56 78 229 11 3
K1 23 77 890 99 1
L1 67 90 440 88 3
M1 32 66 890 12 3
N1 56 79 770 68 2
O1 87 65 580 23 1
P1 23 77 890 90 2
Q1 44 56 1000 30 1
R1 88 13 300 23 3
S1 23 67 880 78 2
T1 78 99 450 21 1
U1 87 65 580 23 3
V1 32 45 660 80 2
W1 32 66 890 12 2
X1 79 90 580 78 3
Y1 56 78 229 11 1
Z1 67 89 780 67 1
A2 56 78 750 32 2
B2 34 87 730 78 3
C2 90 34 690 43 1
D2 99 99 990 90 3
